0,521
0,472
99,3
99,2
99,1
99,0
98,3
98,2
98,1
98,0
97,4
97,3
97,2
97,1
97,0
96,3
96,2
96,1
96,0
95,3
95,2
95,1
95,0
94,4
94,3
94,2
94,1
94,0
0,278
0,9
3,2
3,1
3,3
10,170
10,124
10,22
10,152
10,178
10,172
10,198
10,1
10,72
10,2
10,3
11,5
11,25
11,21
11,15
11,29
11,17
11,11
11,1
11,8
11,2
11,3
9,7
9,4
9,1
9,6
9,2
9,3
8,10
8,15
8,11
8,18
8,5
8,1
8,8
8,2
8,3
12,2
12,1
12,3
20,2
20,1
20,3
19,2
19,1
19,3
18,1
18,3
14,1
92,3
14,3
92,2
92,1
13,1
92,0
91,3
13,3
91,2
91,1
91,0
90,4
90,3
90,2
90,1
90,0
89,3
2,2
2,1
89,2
89,1
89,0
2,3
0,0
93,34
